66.730751
66.730751
66.736191
66.739815
66.750687
66.754318
66.76519
66.768814
66.777878
66.785133
66.797821
66.805069
66.805069
66.819572
66.830452
66.839516
66.850388
66.857643
66.868515
66.877579
66.886642
66.890274
66.899338
66.899338
66.901146
66.90477
66.906586
66.91021
66.913834
66.913834
66.912025
66.917465
66.921089
66.926529
66.926529
66.930153
66.935593
66.944656
66.950089
66.955528
66.960968
66.966408
66.966408
66.973656
66.97728
66.97728
66.982719
66.986343
66.986343
66.991783
66.995407
67.002663
67.008102
67.02079
67.02079
67.02079
67.02079
67.028038
67.031662
67.033478
67.035294
67.044357
67.047981
67.055229
67.057045
67.062485
67.069733
67.069733
67.071548
67.076981
67.084236
67.0933
67.09874
67.104172
67.118675
67.131363
67.145866
67.162186
67.162186
67.182121
67.196625
67.216568
67.23288
67.249191
67.27095
67.280014
67.289078
67.301765
67.318077
67.318077
67.330765
67.347084
67.354332
67.365211
67.374275
67.381523
67.392403
67.403275
67.41053
67.41053
67.41053
67.403275
67.40509
67.40509
67.40509
67.401466
67.396027
67.390587
67.390587
67.383339
67.379715
67.379715
67.385147
67.377899
67.377899
67.374275
67.377899
67.381523
67.386963
67.386963
67.394211
67.403275
67.403275
67.41053
67.421402
67.434097
67.444969
67.454033
67.463097
67.475784
67.48848
67.501167
67.504791
67.504791
67.512039
67.526543
67.533798
67.548294
67.560989
67.573677
67.580925
67.593613
67.602676
67.62262
67.62262
67.637123
67.646187
67.662498
67.673378
67.686066
67.698753
67.711441
67.720505
67.7332
67.740448
67.740448
67.753136
67.765823
67.774887
67.783951
67.79483
67.809334
67.823837
67.838333
67.852837
67.87278
67.87278
67.887283
67.905411
67.923538
67.94529
67.961601
67.976105
67.994232
68.010544
68.021423
68.028671
68.028671
68.039551
68.043175
68.05043
68.055862
68.063118
68.072182
68.077621
68.083054
68.095749
68.104813
68.104813
68.112061
68.126564
68.137436
68.1465
68.151939
68.157379
68.162819
68.171883
68.179131
68.188194
68.188194
68.19545
68.204514
68.215385
68.220825
68.233513
68.242577
68.253456
68.258896
68.266144
68.275208
68.275208
68.284271
68.287895
68.289711
68.302399
68.309647
68.316902
68.32415
68.331406
68.342278
68.351341
68.351341
68.351341
68.351341
68.351341
68.342278
68.33503
68.336838
68.340469
68.342278
68.344093
68.344093
68.344093
68.353157
68.362221
68.367661
68.376724
68.380348
68.374908
68.362221
68.353157
68.338654
68.325966
68.325966
68.315086
68.306023
68.300583
68.298775
68.302399
68.306023
68.31871
68.327774
68.340469
68.354965
68.354965
68.367661
68.382156
68.393036
68.403915
68.414787
68.422043
68.423851
68.432915
68.434731
68.44017
68.44017
68.445602
68.447418
68.451042
68.451042
68.452858
68.460106
68.465546
68.467361
68.474609
68.472794
68.472794
68.474609
68.476425
68.478233
68.481857
68.483673
68.483673
68.483673
68.485489
68.485489
68.487297
68.487297
68.487297
68.487297
68.494553
68.494553
68.494553
68.499985
68.50724
68.518112
68.528992
68.541679
68.541679
68.552559
68.563431
68.568871
68.57975
68.590622
68.592438
68.597878
68.597878
68.594254
68.594254
68.594254
68.594254
68.594254
68.594254
68.590622
68.592438
68.597878
68.599686
68.601501
68.605125
68.605125
68.605125
68.606941
68.608749
68.610565
68.616005
68.616005
68.616005
68.617813
68.617813
68.625069
68.628693
68.628693
68.634132
68.639572
68.64138
68.648636
68.654068
68.659508
68.664948
68.670387
68.672195
68.683075
68.683075
68.688515
68.693954
68.704826
68.712082
68.71933
68.728394
68.735641
68.748337
68.755585
68.757401
68.757401
68.761024
68.764648
68.766464
68.775528
68.7864
68.79184
68.797279
68.806343
68.819031
68.831718
68.831718
68.846222
68.860725
68.878853
68.893356
68.904228
68.922356
68.940483
68.953171
68.967674
68.985802
68.985802
69.003929
69.022057
69.040184
69.052872
69.074631
69.096382
69.119949
69.145325
69.168892
69.192459
69.192459
69.214211
69.241402
69.268593
69.295784
69.319351
69.339287
69.361038
69.386421
69.406357
69.43174
69.43174
69.464371
69.491562
69.520561
69.553192
69.585823
69.623886
69.660141
69.692772
69.736282
69.774345
69.774345
69.812416
69.855919
69.901237
69.946556
69.991875
70.039009
70.091576
70.145958
70.20034
70.258347
70.258347
70.319984
70.381615
70.443253
70.510323
70.584641
70.65715
70.726036
70.793106
70.854744
70.910934
70.910934
70.978012
71.050522
71.117592
71.181038
71.239044
71.287987
71.331497
71.360497
71.376816
71.382248
71.382248
71.355057
71.316994
71.260796
71.193726
71.115776
71.041458
70.961693
70.887375
70.825737
70.77317
70.77317
70.716972
70.653526
70.584641
70.504883
70.425125
70.336296
70.245659
70.153214
70.049881
69.935684
69.935684
69.812416
69.685524
69.569504
69.457115
69.337479
69.214211
69.087318
68.949547
68.815407
68.681259
68.681259
68.552559
68.431107
68.31871
68.220825
68.137436
68.070366
68.021423
67.986984
67.963417
67.950729
67.950729
67.959793
67.972481
67.986984
67.999672
68.015984
68.025047
68.034111
68.046799
68.054054
68.066742
68.066742
68.077621
68.088493
68.099373
68.110245
68.121124
68.139252
68.151939
68.164627
68.179131
68.188194
68.188194
68.200882
68.209946
68.219009
68.233513
68.244392
68.25164
68.260704
68.26796
68.275208
68.280647
68.280647
68.280647
68.284271
68.289711
68.295151
68.295151
68.296959
68.295151
68.293335
68.293335
68.296959
68.296959
68.304214
68.307838
68.313278
68.313278
68.320526
68.32959
68.33503
68.347717
68.354965
68.364029
68.364029
68.369469
68.380348
68.387596
68.398476
68.403915
68.400284
68.407539
68.409348
68.414787
68.411163
68.411163
68.407539
68.4021
68.400284
68.39122
68.389412
68.393036
68.39122
68.389412
68.383972
68.383972
68.383972
68.389412
68.393036
68.393036
68.398476
68.398476
68.400284
68.405724
68.411163
68.420227
68.429291
68.429291
68.436539
68.445602
68.460106
68.474609
68.494553
68.514488
68.528992
68.545303
68.563431
68.57975
68.57975
68.597878
68.612381
68.625069
68.637756
68.64682
68.659508
68.672195
68.686699
68.697578
68.715706
68.715706
68.728394
68.746521
68.761024
68.78096
68.800903
68.817215
68.838974
68.85891
68.880661
68.89698
68.89698
68.918732
68.940483
68.962234
68.982178
69.002121
69.025681
69.045624
69.063751
69.090942
69.116318
69.116318
69.145325
69.17614
69.208771
69.239586
69.277657
69.308472
69.346542
69.388229
69.4263
69.471619
69.471619
69.516937
69.564072
69.616638
69.667397
69.719963
69.777969
69.839607
69.901237
69.966499
70.033569
70.033569
70.102455
70.173149
70.242035
70.318169
70.387054
70.459564
70.530258
70.6064
70.686157
70.774979
70.774979
70.881935
70.9907
71.088585
71.170158
71.242668
71.300674
71.351433
71.38588
71.402191
71.387688
71.387688
71.326057
71.249924
71.16835
71.083145
70.9907
70.896439
70.787674
70.677094
70.555641
70.437813
70.437813
70.310921
70.178589
70.040817
69.892174
69.74353
69.589447
69.422676
69.245026
69.070999
68.895164
68.895164
68.732018
68.570686
68.429291
68.309647
68.206322
68.1175
68.054054
68.014175
67.986984
67.974289
67.974289
67.974289
67.985168
67.994232
68.003296
68.010544
68.023239
68.030487
68.037735
68.046799
68.054054
68.054054
68.063118
68.075806
68.086685
68.095749
68.106621
68.112061
68.126564
68.132004
68.144691
68.157379
68.157379
68.170067
68.179131
68.186386
68.197258
68.209946
68.222641
68.231705
68.246201
68.255264
68.26252
68.26252
68.269768
68.280647
68.293335
68.300583
68.309647
68.31871
68.331406
68.344093
68.358597
68.371284
68.371284
68.389412
68.403915
68.416603
68.432915
68.445602
68.46373
68.472794
68.487297
68.496361
68.509048
68.509048
68.521744
68.532616
68.547119
68.563431
68.581558
68.594254
68.614189
68.632317
68.64682
68.664948
68.664948
68.681259
68.697578
68.715706
68.733833
68.746521
68.761024
68.78096
68.797279
68.819031
68.837158
68.837158
68.857101
68.877037
68.900604
68.920547
68.947739
68.97493
68.994865
69.020248
69.043808
69.070999
69.070999
69.10363
69.134445
69.161636
69.194267
69.226898
69.259529
69.295784
69.330223
69.371918
69.411797
69.411797
69.449867
69.495186
69.544128
69.594887
69.643829
69.696396
69.752594
69.8106
69.868607
69.930244
69.930244
69.991875
70.058945
70.124207
70.185837
70.252914
70.319984
70.390678
70.463188
70.535698
70.611832
70.611832
70.709724
70.805801
70.901871
70.99614
71.081337
71.159286
71.222733
71.271675
71.30793
71.331497
71.331497
71.304306
71.262611
71.19735
71.13028
71.050522
70.963509
70.869247
70.771355
70.666214
70.553825
70.553825
70.434189
70.307297
70.180405
70.040817
69.89399
69.741714
69.580383
69.413612
69.237778
69.061935
69.061935
68.889725
68.722954
68.570686
68.432915
68.315086
68.209946
68.124748
68.057678
68.010544
67.976105
67.976105
67.968857
67.970665
67.977921
67.985168
67.996048
68.008736
68.021423
68.028671
68.046799
68.059494
68.059494
68.07399
68.086685
68.095749
68.106621
68.113876
68.124748
68.132004
68.1465
68.155563
68.168259
68.168259
68.177322
68.186386
68.197258
68.209946
68.222641
68.233513
68.248016
68.258896
68.26796
68.280647
68.280647
68.291519
68.302399
68.313278
68.322342
68.331406
68.338654
68.349533
68.365845
68.376724
68.387596
68.387596
68.400284
68.412979
68.427475
68.445602
68.458298
68.478233
68.494553
68.505424
68.519928
68.534431
68.534431
68.548935
68.565247
68.57975
68.592438
68.610565
68.617813
68.630508
68.64682
68.663132
68.677635
68.677635
68.692139
68.70845
68.72477
68.739273
68.761024
68.7864
68.808151
68.826279
68.848038
68.867973
68.867973
68.891541
68.915108
68.936859
68.96405
68.983994
69.007553
69.03112
69.058311
69.085503
69.118134
69.118134
69.145325
69.17614
69.208771
69.235962
69.268593
69.301224
69.332039
69.366478
69.397293
69.428116
69.428116
69.464371
69.49881
69.540504
69.580383
69.618454
69.658333
69.703651
69.747154
69.797913
69.843231
69.843231
69.89399
69.944748
69.991875
70.044449
70.098831
70.158646
70.21666
70.276474
70.336296
70.401558
70.401558
70.472252
70.546577
70.622711
70.7061
70.787674
70.871056
70.958069
71.041458
71.117592
71.184662
71.184662
71.219101
71.239044
71.255356
71.251732
71.239044
71.204605
71.155655
71.09584
71.028763
70.956253
70.956253
70.885559
70.813049
70.731476
70.651718
70.566513
70.486755
70.401558
70.31636
70.225723
70.131454
70.131454
70.029945
69.919365
69.803352
69.6819
69.555008
69.42086
69.281281
69.132637
68.982178
68.835342
68.835342
68.688515
68.552559
68.431107
68.31871
68.224449
68.139252
68.07399
68.025047
67.994232
67.972481
67.972481
67.968857
67.974289
67.977921
67.985168
67.992416
68.00148
68.01236
68.023239
68.030487
68.043175
68.043175
68.061302
68.075806
68.093933
68.110245
68.128372
68.1465
68.161003
68.175507
68.191818
68.200882
68.200882
68.209946
68.219009
68.228073
68.237137
68.242577
68.25164
68.260704
68.269768
68.277023
68.286087
68.286087
68.296959
68.309647
68.322342
68.331406
68.344093
68.353157
68.362221
68.373093
68.383972
68.394852
68.394852
68.405724
68.411163
68.416603
68.427475
68.434731
68.44017
68.447418
68.452858
68.465546
68.472794
68.472794
68.487297
68.501801
68.516304
68.528992
68.543495
68.559807
68.57975
68.599686
68.612381
68.635941
68.635941
68.650444
68.668571
68.683075
68.699387
68.71389
68.733833
68.748337
68.766464
68.788216
68.800903
68.800903
68.817215
68.837158
68.85891
68.882477
68.906044
68.92598
68.945923
68.967674
68.982178
69.005745
69.005745
69.027496
69.04744
69.065567
69.087318
69.10907
69.129013
69.156204
69.179764
69.206955
69.234146
69.234146
69.263153
69.288528
69.321159
69.348351
69.379166
69.415421
69.444427
69.477058
69.513313
69.544128
69.544128
69.578568
69.618454
69.652893
69.694588
69.732651
69.774345
69.81604
69.855919
69.897614
69.942932
69.942932
69.986435
70.033569
70.086136
70.131454
70.185837
70.234787
70.287354
70.34536
70.403366
70.463188
70.463188
70.524826
70.584641
70.644463
70.709724
70.77317
70.836617
70.903687
70.961693
71.021515
71.079521
71.079521
71.126656
71.16835
71.19735
71.215477
71.219101
71.219101
71.208229
71.19191
71.16835
71.137527
71.137527
71.09584
71.04689
70.997948
70.945381
70.900063
70.84568
70.794922
70.747787
70.689781
70.631775
70.631775
70.575577
70.515762
70.459564
70.401558
70.338112
70.280106
70.21122
70.140518
70.077072
70.017258
70.017258
69.948372
69.886734
69.82148
69.759842
69.698212
69.63839
69.578568
69.515121
69.448051
69.375542
69.375542
69.308472
69.232338
69.156204
69.078255
68.993057
68.900604
68.806343
68.70845
68.601501
68.492737
68.492737
68.389412
68.296959
68.202698
68.119308
68.054054
67.997856
67.954353
67.925346
67.914474
67.914474
67.914474
67.925346
67.93985
67.965225
67.988792
68.005112
68.017799
68.034111
68.052238
68.07399
68.092117
68.092117
68.1175
68.148315
68.170067
68.19545
68.219009
68.249832
68.278831
68.307838
68.32959
68.356781
68.356781
68.374908
68.389412
68.409348
68.429291
68.454666
68.476425
68.499985
68.519928
68.543495
68.561623
68.561623
68.583374
68.603317
68.626877
68.64682
68.666763
68.690323
68.710266
68.730209
68.748337
68.770088
68.770088
68.79184
68.813591
68.835342
68.855286
68.875229
68.891541
68.911484
68.931419
68.953171
68.97493
68.97493
68.998489
69.020248
69.040184
69.067375
69.092758
69.123573
69.150764
69.177956
69.205147
69.228714
69.228714
69.252274
69.279465
69.306656
69.330223
69.355606
69.377357
69.406357
69.435364
69.460739
69.48793
69.48793
69.518753
69.542313
69.573135
69.600327
69.629326
69.660141
69.683708
69.707275
69.736282
69.767097
69.767097
69.790665
69.82148
69.845047
69.866798
69.886734
69.903053
69.919365
69.933868
69.944748
69.951996
69.951996
69.95562
69.951996
69.944748
69.932053
69.910301
69.886734
69.854111
69.82148
69.794289
69.75441
69.75441
69.716339
69.6819
69.649269
69.623886
69.602135
69.585823
69.578568
69.57132
69.558632
69.558632
69.558632
69.555008
69.551376
69.547752
69.540504
69.53688
69.529625
69.520561
69.511497
69.502434
69.491562
69.491562
69.486122
69.480682
69.473434
69.469803
69.466179
69.458931
69.457115
69.451675
69.446243
69.442612
69.442612
69.43718
69.43174
69.43174
69.43174
69.428116
69.428116
69.428116
69.433548
69.438988
69.446243
69.446243
69.453491
69.464371
69.475243
69.48793
69.50425
69.520561
69.53688
69.553192
69.573135
69.596695
69.596695
69.620262
69.642014
69.665581
69.689148
69.719963
69.750778
69.779785
69.806976
69.839607
69.868607
69.868607
69.908493
69.953812
70.002754
70.051697
70.102455
70.158646
70.223907
70.294601
70.363487
70.437813
70.437813
70.519386
70.6064
70.689781
70.782234
70.871056
70.961693
71.05233
71.146591
71.239044
71.324242
71.324242
71.371376
71.400375
71.414879
71.407631
71.387688
71.358688
71.31337
71.248108
71.166534
71.079521
71.079521
70.999763
70.919998
70.838425
70.758667
70.678909
70.59552
70.506699
70.425125
70.34536
70.265602
70.265602
70.184029
70.097015
70.013626
69.930244
69.843231
69.759842
69.678268
69.591263
69.500626
69.413612
69.413612
69.324783
69.235962
69.148949
69.070999
69.002121
68.929611
68.860725
68.784592
68.712082
68.635941
68.635941
68.567062
68.505424
68.445602
68.383972
68.31871
68.25164
68.19001
68.144691
68.115685
68.086685
68.086685
68.028671
67.974289