80.638123
80.547485
80.638123
80.420593
80.203064
80.384338
80.619995
80.366211
80.257446
80.366211
80.474976
80.311829
80.221191
80.293701
80.203064
80.221191
80.094299
80.438721
80.293701
80.293701
80.166809
80.293701
80.420593
80.348083
80.420593
80.493103
80.384338
80.203064
80.148682
80.438721
80.166809
80.384338
80.420593
80.148682
80.565613
80.311829
80.366211
80.203064
80.384338
80.384338
80.493103
80.438721
80.692505
80.493103
80.474976
80.493103
80.366211
80.529358
80.765015
80.565613
80.619995
80.619995
80.438721
80.547485
80.65625
80.891907
80.710632
80.765015
80.80127
80.65625
80.565613
80.619995
80.638123
80.638123
80.765015
80.529358
80.765015
80.873779
80.692505
80.928162
80.891907
80.964417
80.928162
80.710632
80.837524
80.80127
81.055054
80.710632
80.873779
80.65625
80.80127
81.018799
80.765015
80.837524
80.819397
80.765015
80.819397
80.765015
80.638123
80.80127
80.765015
80.765015
80.746887
80.837524
80.765015
81.055054
80.964417
80.928162
81.018799
81.036926
81.018799
81.145691
81.200073
81.43573
81.326965
81.471985
81.308838
81.218201
80.964417
81.417603
81.308838
81.218201
81.218201
81.417603
81.29071
81.308838
81.326965
81.091309
81.236328
81.218201
81.200073
81.308838
81.36322
81.36322
81.236328
81.36322
81.218201
81.36322
81.200073
81.29071
81.308838
81.236328
81.326965
81.29071
81.145691
81.50824
81.381348
81.471985
81.43573
81.326965
81.326965
81.200073
81.036926
81.218201
81.200073
81.200073
81.163818
81.29071
81.091309
81.036926
81.036926
81.109436
81.091309
81.145691
81.29071
81.381348
81.36322
81.780151
81.635132
81.50824
81.381348
81.762024
81.762024
81.36322
81.43573
81.43573
81.381348
81.653259
81.417603
81.689514
81.471985
81.326965
81.236328
81.544495
81.471985
81.326965
81.762024
81.43573
81.653259
81.707642
81.544495
81.598877
81.925171
81.834534
81.925171
81.870789
81.725769
81.925171
81.925171
81.925171
81.870789
81.834534
81.888916
82.178955
82.21521
82.160828
82.106445
82.233337
82.160828
82.033936
82.106445
82.305847
82.269592
82.1427
82.052063
82.233337
82.1427
82.360229
82.160828
82.033936
82.269592
82.052063
82.088318
82.106445
82.1427
82.033936
82.052063
82.269592
82.088318
82.052063
81.834534
82.033936
82.106445
81.725769
81.870789
81.961426
81.888916
82.106445
81.979553
81.925171
82.033936
82.088318
81.997681
81.997681
82.033936
82.052063
81.888916
81.925171
81.780151
81.834534
81.816406
81.816406
81.816406
81.888916
81.888916
81.780151
81.780151
81.870789
81.725769
81.816406
81.834534
81.997681
81.816406
82.106445
82.106445
82.088318
82.305847
82.160828
82.160828
82.233337
82.160828
82.21521
82.088318
82.1427
82.088318
82.178955
82.21521
82.088318
82.052063
82.1427
82.305847
82.269592
82.178955
82.269592
82.21521
82.033936
82.052063
81.961426
82.160828
81.925171
81.961426
82.088318
81.961426
82.160828
81.997681
81.816406
81.961426
81.925171
81.925171
81.834534
81.780151
81.925171
81.762024
81.888916
82.033936
82.033936
81.997681
81.979553
81.870789
82.052063
81.834534
81.725769
81.762024
82.052063
81.834534
81.689514
82.033936
82.052063
81.834534
81.997681
81.979553
81.888916
81.834534
81.925171
81.689514
81.888916
81.997681
81.888916
81.870789
81.888916
81.961426
81.816406
81.925171
81.888916
81.925171
81.870789
81.780151
81.997681
81.925171
81.689514
81.961426
81.834534
81.925171
81.725769
81.888916
81.888916
81.834534
81.780151
81.762024
81.635132
81.834534
81.780151
81.707642
81.689514
81.780151
81.707642
81.635132
81.762024
81.870789
81.653259
81.689514
81.762024
81.888916
81.544495
81.689514
81.870789
81.816406
81.888916
81.816406
81.816406
81.997681
81.888916
81.816406
81.961426
81.725769
81.834534
81.490112
81.816406
81.725769
81.635132
81.762024
81.780151
81.870789
81.598877
81.979553
81.725769
81.653259
81.780151
81.979553
81.997681
81.762024
81.888916
81.780151
81.653259
81.707642
82.088318
81.707642
81.689514
81.780151
81.834534
81.707642
81.598877
81.888916
81.961426
81.653259
81.689514
81.888916
81.653259
81.725769
81.816406
81.707642
81.816406
81.689514
81.689514
81.635132
81.689514
81.653259
81.598877
81.780151
81.870789
81.925171
81.725769
81.834534
81.780151
81.816406
81.689514
81.635132
81.870789
81.816406
81.834534
81.780151
81.888916
81.707642
81.707642
81.635132
81.562622
81.562622
81.598877
81.707642
81.762024
81.870789
81.689514
81.816406
82.033936
81.979553
81.598877
81.888916
81.816406
81.780151
82.033936
81.762024
81.780151
81.780151
81.762024
81.598877
81.816406
81.725769
81.870789
82.088318
81.961426
81.834534
81.834534
81.888916
81.816406
81.816406
81.762024
81.816406
81.925171
81.780151
81.925171
81.834534
81.870789
81.997681
81.816406
81.834534
81.762024
81.834534
81.689514
81.635132
81.707642
81.490112
81.725769
81.816406
81.834534
81.834534
81.653259
81.689514
81.870789
81.816406
81.834534
81.780151
81.925171
81.961426
82.088318
82.088318
81.925171
82.305847
81.979553
82.052063
82.269592
82.233337
82.106445
82.269592
82.269592
82.088318
82.269592
82.088318
81.834534
82.1427
81.961426
81.834534
82.033936
81.979553
82.033936
82.052063
81.961426
82.088318
81.834534
82.178955
81.961426
81.997681
82.233337
81.979553
81.961426
82.305847
82.178955
82.323975
82.1427
82.033936
81.997681
81.780151
82.088318
81.997681
81.870789
81.762024
81.689514
81.707642
81.780151
81.816406
81.762024
82.160828
82.1427
82.178955
81.780151
81.725769
81.762024
81.562622
81.598877
81.707642
81.979553
81.834534
81.707642
81.707642
81.50824
81.471985
81.598877
81.381348
81.762024
81.490112
81.870789
81.925171
82.033936
81.762024
81.997681
81.834534
82.088318
82.033936
82.106445
82.088318
81.961426
81.816406
82.088318
81.870789
81.780151
81.780151
81.562622
81.725769
81.544495
81.653259
81.490112
81.544495
81.490112
81.308838
81.490112
81.471985
81.562622
81.381348
81.236328
81.417603
81.36322
81.163818
81.018799
81.091309
81.218201
80.982544
81.036926
81.218201
80.964417
81.091309
81.163818
81.055054
81.018799
81.308838
81.109436
81.091309
81.163818
80.873779
81.055054
80.928162
80.710632
80.746887
81.055054
81.018799
80.80127
80.837524
80.873779
81.018799
80.891907
81.145691
81.036926
80.928162
81.055054
81.036926
81.109436
81.036926
81.091309
80.982544
81.109436
81.29071
80.891907
80.891907
81.055054
81.055054
80.837524
81.091309
80.80127
80.928162
81.091309
80.982544
80.873779
81.036926
81.018799
81.055054
80.891907
80.964417
80.982544
80.819397
81.091309
80.982544
81.018799
81.109436
80.928162
81.036926
81.091309
80.964417
81.163818
80.819397
80.964417
81.018799
81.018799
80.964417
80.873779
81.109436
81.055054
81.036926
80.80127
80.746887
81.036926
81.036926
80.710632
80.80127
80.891907
80.710632
80.710632
80.819397
80.638123
80.746887
80.819397
80.819397
80.837524
80.80127
80.837524
80.65625
80.529358
80.565613
80.638123
80.638123
80.547485
80.547485
80.547485
80.710632
80.765015
80.710632
80.710632
80.873779
80.80127
80.692505
80.619995
80.65625
80.891907
80.819397
80.493103
80.765015
80.619995
80.420593
80.493103
80.366211
80.529358
80.638123
80.619995
80.638123
80.529358
80.529358
80.619995
80.474976
80.638123
80.420593
80.493103
80.384338
80.565613
80.384338
80.529358
80.420593
80.438721
80.366211
80.547485
80.366211
80.547485
80.420593
80.311829
80.438721
80.348083
80.529358
80.384338
80.420593
80.438721
80.619995
80.257446
80.203064
80.366211
80.547485
80.311829
80.547485
80.547485
80.529358
80.438721
80.547485
80.438721
80.565613
80.529358
80.293701
80.203064
80.529358
80.547485
80.203064
80.366211
80.221191
80.257446
80.420593
80.221191
80.384338
80.384338
80.293701
80.348083
80.348083
80.076172
80.474976
80.438721
80.529358
80.366211
80.366211
80.493103
80.493103
80.366211
80.166809
80.311829
80.112427
80.311829
80.203064
80.166809
80.148682
80.148682
80.293701
80.094299
80.311829
80.203064
80.257446
80.420593
80.148682
80.203064
80.257446
80.384338
80.384338
80.311829
80.384338
80.148682
80.203064
80.203064
80.166809
80.166809
80.257446
80.112427
80.293701
80.166809
80.039917
80.166809
80.112427
80.02179
79.87677
80.148682
80.203064
79.985535
80.293701
80.02179
79.967407
80.112427
79.94928
79.967407
80.02179
79.985535
80.166809
79.87677
80.112427
80.02179
79.967407
79.749878
80.166809
79.822388
79.858643
79.87677
79.985535
79.87677
79.80426
80.039917
79.894897
79.94928
79.894897
79.94928
79.967407
79.985535
79.858643
79.641113
79.768005
79.87677
79.985535
79.713623
79.695496
79.695496
79.695496
79.713623
79.677368
79.695496
79.586731
79.496094
79.496094
79.749878
79.695496
79.713623
79.677368
79.677368
79.749878
79.586731
79.94928
79.550476
79.94928
79.586731
79.641113
79.641113
79.641113
79.822388
79.94928
79.677368
79.586731
79.550476
79.586731
79.641113
79.206055
79.423584
79.695496
79.496094
79.477966
79.441711
79.405457
79.296692
79.477966
79.550476
79.314819
79.405457
79.369202
79.532349
79.532349
79.405457
79.405457
79.423584
79.278564
79.423584
79.441711
79.351074
79.423584
79.351074
79.351074
79.351074
79.369202
79.496094
79.042908
79.351074
79.1698
79.133545
79.423584
79.441711
79.405457
79.296692
79.405457
79.496094
79.477966
79.296692
79.477966
79.423584
79.405457
79.496094
79.224182
79.441711
79.369202
79.405457
79.296692
79.314819
79.133545
79.09729
79.151672
79.296692
79.314819
79.09729
79.351074
79.369202
79.151672
79.1698
79.296692
79.369202
79.006653
79.1698
79.09729
79.079163
79.079163
79.1698
78.952271
79.151672
79.133545
79.09729
79.042908
79.1698
79.09729
79.151672
79.405457
79.042908
79.006653
79.1698
79.151672
79.006653
79.477966
79.09729
79.1698
78.970398
78.916016
79.02478
79.423584
78.952271
78.879761
79.042908
78.952271
79.006653
79.02478
79.224182
79.02478
79.1698
78.879761
79.09729
79.042908
78.879761
79.09729
78.916016
78.825378
79.09729
78.607849
78.952271
78.916016
79.006653
78.770996
79.006653
78.970398
78.916016
78.698486
78.698486
78.861633
78.970398
79.1698
78.952271
78.825378
78.825378
78.770996
78.698486
78.807251
79.006653
78.916016
78.825378
78.807251
78.770996
78.752869
78.607849
78.680359
78.698486
78.680359
78.644104
78.734741
78.625977
78.752869
78.625977
78.480957
78.770996
78.553467
78.607849
78.680359
78.625977
78.426575
78.807251
78.535339
78.644104
78.770996
78.499084
78.734741
78.499084
78.625977
78.861633
78.408447
78.426575
78.607849
78.408447
78.354065
78.553467
78.535339
78.499084
78.607849
78.499084
78.535339
78.299683
78.354065
78.372192
78.281555
78.299683
78.46283
78.372192
78.335938
78.354065
78.499084
78.480957
78.46283
78.354065
78.2453
78.372192
78.372192
78.335938
78.2453
78.209045
78.553467
78.480957
78.335938
78.535339
78.100281
78.354065
78.281555
78.209045
78.299683
78.136536
78.100281
78.082153
78.009644
78.154663
78.2453
77.828369
78.281555
78.100281
78.100281
78.190918
78.154663
78.209045
78.100281
78.064026
78.064026
78.154663
78.100281
78.027771
78.064026
78.027771
78.136536
77.864624
78.082153
77.955261
78.027771
78.009644
78.027771
77.955261
77.919006
77.628967
77.955261
77.755859
78.009644
77.919006
78.027771
77.973389
77.973389
77.882751
78.009644
77.828369
77.755859
77.973389
77.810242
77.864624
77.792114
77.792114
77.955261
77.647095
77.755859
77.53833
77.647095
77.68335
77.53833
77.628967
77.520203
77.701477
77.737732
77.68335
77.483948
77.737732
77.61084
77.647095
77.755859
77.755859
77.628967
77.302673
77.647095
77.61084
77.520203
77.61084
77.556458
77.46582
77.628967
77.46582
77.302673
77.357056
77.53833
77.755859
77.411438
77.212036
77.411438
77.755859
77.556458
77.357056
77.284546
77.53833
77.429565
77.193909
77.483948
77.393311
77.193909
77.302673
77.53833
77.411438
77.157654
77.248291
77.411438
77.193909
77.53833
77.46582
77.302673
77.338928
77.357056
77.302673
77.248291
77.139526
77.139526
77.429565
77.248291
77.46582
77.284546
77.248291
77.085144
77.157654
77.121399
77.302673
77.248291
77.212036
77.411438
77.157654
77.193909
77.212036
77.284546
77.157654
76.958252
77.157654
77.338928
77.121399
77.284546
77.338928
77.085144
76.940125
77.121399
77.139526
77.030762
77.085144
77.139526
77.067017
77.139526
77.357056
77.139526
76.940125
77.193909
77.284546
77.139526
77.193909
76.849487
77.121399
77.067017
77.085144
77.030762
77.085144
77.139526
76.940125
76.849487
77.067017
77.067017
77.157654
77.067017
76.813232
77.067017
77.338928
77.085144
77.067017
77.012634
76.75885
76.813232
76.976379
77.121399
76.976379
76.958252
76.740723
76.885742
76.849487
76.976379
76.704468
76.704468
76.75885
76.75885
76.958252
76.795105
76.849487
76.704468
76.885742
76.795105
76.740723
76.468811
76.613831
76.68634
76.414429
76.668213
76.523193
76.305664
76.215027
76.142517
76.613831
76.75885
76.396301
76.523193
76.577576
76.468811
76.577576
76.360046
76.541321
76.523193
76.631958
76.468811
76.523193
76.704468
76.668213
76.68634
76.68634
76.613831
76.523193
76.577576
76.631958
76.360046
76.414429
76.68634
76.613831
76.613831
76.631958
76.432556
76.577576
76.414429
76.523193
76.305664
76.541321
76.432556
76.523193
76.486938
76.414429
76.414429
76.305664
76.541321
76.668213
76.196899
76.68634
76.75885
76.341919
76.432556
76.341919
76.523193
76.68634
76.613831
76.287537
76.613831
76.287537
76.468811
76.486938
76.468811
76.287537
76.414429
76.414429
76.341919
76.432556
76.795105
76.613831
76.486938
76.740723
76.396301
76.414429
76.523193
76.668213
76.577576
76.631958
76.75885
76.668213
76.613831
76.613831
76.668213
76.75885
76.541321
76.432556
76.577576
76.523193
76.414429
76.396301
76.305664
76.486938
76.360046
76.486938
76.432556
76.668213
76.341919
76.269409
76.015625
76.269409
76.196899
76.341919
76.360046
76.414429
76.360046
76.414429
76.160645
76.360046
76.269409
76.704468
76.396301
76.468811
76.341919
76.196899
76.088135
76.215027
76.215027
76.396301
76.432556
76.432556
76.613831
76.360046
76.142517
76.486938
76.287537
76.486938
76.468811
76.432556
76.414429
76.523193
76.432556
76.305664
76.468811
76.360046
76.541321
76.577576
76.468811
76.541321
76.740723
76.341919
76.287537
76.287537
76.486938
76.432556
76.631958
76.523193
76.287537
76.414429
76.341919
76.12439
76.341919
76.269409
76.341919
76.160645
76.305664
76.142517
76.215027
76.215027
76.196899
76.142517
76.070007
76.142517
76.12439
76.088135
76.160645
76.088135
76.196899
75.943115
75.961243
76.088135
76.196899
76.287537
76.341919
76.015625
76.070007
76.12439
76.015625
75.943115
75.961243
76.142517
76.033752
76.142517
75.852478
75.90686
75.798096
76.215027
76.070007
76.12439
76.015625
76.033752
76.12439
76.160645
75.90686
76.015625
76.196899
76.12439
76.269409
76.070007
76.088135
75.870605
75.852478
76.033752
75.816223
75.997498
76.305664
76.196899
75.961243
76.196899
76.269409
76.215027
75.997498
75.90686
75.997498
76.215027
75.997498
75.961243
76.015625
75.743713
75.961243
76.196899
75.943115
76.015625
75.943115
76.033752
76.015625
75.961243
76.12439
76.015625
76.215027
76.015625
75.961243
75.997498
76.12439
76.088135
76.088135
75.816223
75.961243
75.943115
75.90686
75.997498
76.033752
75.870605
75.943115
75.943115
76.015625
75.90686
76.160645
75.943115
75.961243
76.033752