65.972115
65.952812
65.933502
65.894897
65.875587
65.856285
65.817673
65.817673
65.817673
65.817673
65.836983
65.836983
65.836983
65.856285
65.79837
65.779068
65.759758
65.740456
65.759758
65.721153
65.721153
65.682541
65.701843
65.682541
65.643929
65.682541
65.721153
65.721153
65.759758
65.759758
65.740456
65.740456
65.701843
65.701843
65.701843
65.721153
65.701843
65.721153
65.701843
65.701843
65.663239
65.682541
65.701843
65.721153
65.721153
65.701843
65.701843
65.682541
65.624626
65.586014
65.586014
65.547401
65.528099
65.547401
65.508789
65.489487
65.470184
65.431572
65.39296
65.335045
65.335045
65.296432
65.296432
65.257828
65.238518
65.199913
65.180603
65.141998
65.122688
65.122688
65.122688
65.064774
65.084076
65.045471
65.064774
64.987549
64.948944
64.929634
64.929634
64.891029
64.871719
64.852417
64.852417
64.833115
64.813805
64.794502
64.7752
64.7752
64.75589
64.697975
64.717285
64.678673
64.659363
64.659363
64.659363
64.659363
64.620758
64.582146
64.562836
64.524231
64.524231
64.485619
64.447006
64.447006
64.408401
64.427704
64.408401
64.389091
64.369789
64.350479
64.331177
64.331177
64.311874
64.311874
64.273262
64.25396
64.273262
64.25396
64.215347
64.157433
64.157433
64.157433
64.13813
64.11882
64.080208
64.060905
64.060905
64.060905
64.041595
64.022293
64.022293
64.002991
63.983685
63.964378
63.945072
63.92577
63.92577
63.906464
63.848549
63.829243
63.809937
63.752022
63.771328
63.713413
63.713413
63.713413
63.694107
63.674805
63.636189
63.655499
63.636189
63.616882
63.616882
63.616882
63.616882
63.616882
63.578274
63.59758
63.578274
63.578274
63.539665
63.539665
63.539665
63.539665
63.501053
63.501053
63.501053
63.48175
63.48175
63.48175
63.462444
63.443138
63.462444
63.423836
63.423836
63.40453
63.365917
63.365917
63.346615
63.192173
63.211479
63.192173
63.172867
63.192173
63.172867
63.153561
63.134254
63.134254
63.134254
63.114948
63.095646
63.095646
63.095646
63.095646
63.07634
63.07634
63.07634
63.07634
63.037731
63.018425
63.018425
63.018425
62.999119
62.979813
62.999119
62.96051
62.979813
62.941204
62.921898
62.941204
62.902596
62.902596
62.902596
62.883289
62.883289
62.883289
62.863983
62.844681
62.844681
62.844681
62.825375
62.825375
62.825375
62.806068
62.806068
62.825375
62.786766
62.786766
62.748154
62.748154
62.76746
62.728848
62.748154
62.728848
62.728848
62.728848
62.709545
62.709545
62.690239
62.690239
62.690239
62.670929
62.63232
62.651627
62.670929
62.651627
62.63232
62.613014
62.613014
62.613014
62.593712
62.574406
62.574406
62.574406
62.555099
62.555099
62.555099
62.535797
62.535797
62.516491
62.516491
62.497185
62.477879
62.497185
62.43927
62.43927
62.43927
62.43927
62.419964
62.419964
62.400661
62.419964
62.400661
62.400661
62.381355
62.362049
62.362049
62.362049
62.342743
62.323441
62.323441
62.323441
62.284828
62.284828
62.284828
62.284828
62.265526
62.24622
62.24622
62.24622
62.226913
62.207611
62.188301
62.168995
62.149693
62.168995
62.149693
62.130386
62.149693
62.130386
62.149693
62.11108
62.11108
62.091774
62.11108
62.091774
62.091774
62.091774
62.091774
62.072472
62.072472
62.072472
62.053165
62.053165
62.053165
62.033859
62.033859
62.014557
61.995251
61.995251
61.995251
61.975945
61.975945
61.975945
61.975945
61.975945
61.937336
61.937336
61.91803
61.937336
61.898727
61.937336
61.91803
61.91803
61.91803
61.898727
61.91803
61.898727
61.879421
61.879421
61.879421
61.860115
61.860115
61.879421
61.860115
61.840809
61.821507
61.821507
61.821507
61.821507
61.8022
61.821507
61.8022
61.782894
61.8022
61.763592
61.782894
61.763592
61.782894
61.763592
61.744286
61.744286
61.744286
61.744286
61.724979
61.724979
61.724979
61.705673
61.724979
61.705673
61.686367
61.686367
61.686367
61.686367
61.667061
61.686367
61.628452
61.647758
61.647758
61.628452
61.647758
61.628452
61.628452
61.609146
61.628452
61.609146
61.609146
61.58984
61.609146
61.58984
61.58984
61.551231
61.551231
61.551231
61.531925
61.531925
61.512623
61.531925
61.512623
61.493317
61.493317
61.47401
61.47401
61.454704
61.47401
61.47401
61.454704
61.47401
61.531925
61.628452
61.705673
61.782894
61.879421
61.995251
62.304134
62.381355
62.477879
62.555099
62.651627
62.844681
62.941204
63.018425
63.153561
63.230782
63.462444
63.558968
63.655499
63.809937
63.906464
63.945072
64.157433
64.196045
64.273262
64.311874
64.408401
64.427704
64.466316
64.504921
64.543533
64.697975
64.75589
64.794502
64.852417
64.929634
65.026161
65.084076
65.180603
65.27713
65.315742
65.373657
65.39296
65.431572
65.470184
65.721153
65.779068
65.836983
65.9142
65.991425
66.030029
66.126556
66.184479
66.223083
66.280998
66.319611
66.416138
66.454742
66.551277
66.647797
66.860153
66.918068
66.995293
67.014595
67.09182
67.130432
67.149734
67.149734
67.111122
67.014595
66.918068
66.840851
66.782936
66.609192
66.531967
66.474052
66.416138
66.358223
66.319611
66.261696
66.203781
66.165169
66.145866
66.184479
66.223083
66.242393
66.261696
66.261696
66.280998
66.261696
66.300308
66.319611
66.300308
66.223083
66.223083
66.184479
66.145866
66.126556
66.107254
66.107254
66.165169
66.165169
66.145866
66.165169
66.184479
66.203781
66.223083
66.203781
66.203781
66.184479
66.145866
66.165169
66.087952
66.087952
66.087952
66.049339
66.049339
66.030029
65.991425
65.991425
65.952812
65.952812
65.952812
65.933502
65.952812
65.875587
65.894897
65.875587
65.856285
65.817673
65.817673
65.79837
65.779068
65.779068
65.759758
65.779068
65.759758
65.759758
65.759758
65.721153
65.701843
65.721153
65.701843
65.701843
65.682541
65.663239
65.624626
65.643929
65.643929
65.624626
65.566704
65.566704
65.547401
65.547401
65.528099
65.528099
65.489487
65.508789
65.489487
65.470184
65.450874
65.431572
65.450874
65.41227
65.431572
65.450874
65.39296
65.39296
65.39296
65.373657
65.354355
65.354355
65.354355
65.315742
65.335045
65.315742
65.315742
65.315742
65.27713
65.27713
65.257828
65.257828
65.238518
65.238518
65.238518
65.238518
65.199913
65.199913
65.219215
65.238518
65.335045
65.41227
65.528099
65.605324
65.701843
65.836983
65.933502
66.184479
66.300308
66.474052
66.551277
66.647797
66.744324
66.860153
66.937378
66.975983
67.07251
67.111122
67.246262
67.362091
67.439308
67.497223
67.574448
67.651665
67.728889
67.864021
67.941246
67.979851
67.999161
67.999161
68.057076
68.095688
68.095688
68.037773
67.999161
67.941246
67.806107
67.748192
67.670975
67.574448
67.497223
67.458618
67.420006
67.362091
67.304176
67.246262
67.207649
67.149734
67.111122
67.07251
67.053207
66.995293
66.975983
66.95668
66.918068
66.898766
66.879463
66.840851
66.802238
66.782936
66.744324
66.705711
66.686409
66.667107
66.647797
66.57058
66.57058
66.551277
66.531967
66.512657
66.493355
66.454742
66.474052
66.454742
66.416138
66.396828
66.396828
66.377525
66.358223
66.358223
66.319611
66.319611
66.300308
66.280998
66.280998
66.261696
66.242393
66.280998
66.338913
66.358223
66.377525
66.396828
66.43544
66.43544
66.454742
66.474052
66.493355
66.493355
66.531967
66.531967
66.531967
66.551277
66.57058
66.551277
66.589882
66.57058
66.589882
66.589882
66.609192
66.609192
66.628494
66.628494
66.647797
66.667107
66.647797
66.647797
66.647797
66.667107
66.667107
66.667107
66.667107
66.686409
66.686409
66.705711
66.705711
66.686409
66.686409
66.667107
66.647797
66.628494
66.589882
66.57058
66.589882
66.57058
66.512657
66.531967
66.493355
66.512657
66.474052
66.454742
66.454742
66.474052
66.43544
66.43544
66.43544
66.454742
66.474052
66.512657
66.531967
66.454742
66.43544
66.454742
66.474052
66.493355
66.474052
66.531967
66.474052
66.43544
66.43544
66.454742
66.454742
66.454742
66.43544
66.474052
66.493355
66.493355
66.531967
66.531967
66.551277
66.551277
66.57058
66.531967
66.531967
66.531967
66.531967
66.551277
66.551277
66.531967
66.551277
66.531967
66.551277
66.493355
66.474052
66.493355
66.474052
66.43544
66.454742
66.454742
66.493355
66.493355
66.493355
66.416138
66.416138
66.396828
66.416138
66.416138
66.43544
66.43544
66.454742
66.43544
66.416138
66.396828
66.358223
66.358223
66.358223
66.338913
66.338913
66.319611
66.319611
66.319611
66.300308
66.319611
66.319611
66.319611
66.300308
66.338913
66.319611
66.319611
66.319611
66.338913
66.338913
66.319611
66.319611
66.319611
66.319611
66.319611
66.319611
66.338913
66.319611
72.319482
66.280998
66.300308
66.319611
66.358223
66.377525
66.377525
66.377525
66.358223
66.416138
66.416138
66.416138
66.416138
66.416138
66.416138
66.396828
66.43544
66.396828
66.377525
66.396828
66.358223
66.416138
66.416138
66.43544
66.396828
66.377525
66.396828
66.377525
66.396828
66.377525
66.358223
66.338913
66.338913
66.338913
66.358223
66.338913
66.319611
66.319611
66.319611
66.319611
66.338913
66.338913
66.358223
66.338913
66.338913
66.319611
66.338913
66.358223
66.338913
66.358223
66.338913
66.338913
66.319611
66.280998
66.300308
66.300308
66.300308
66.300308
66.261696
66.300308
66.280998
66.280998
66.261696
66.261696
66.280998
66.280998
66.280998
66.261696
66.280998
66.280998
66.261696
66.242393
66.280998
66.280998
66.280998
66.261696
66.261696
66.242393
66.242393
66.203781
66.242393
66.223083
66.223083
66.242393
66.223083
66.242393
66.223083
66.223083
66.223083
66.223083
66.184479
66.184479
66.145866
66.165169
66.184479
66.165169
66.184479
66.184479
66.184479
66.145866
66.126556
66.126556
66.145866
66.126556
66.165169
66.280998
66.416138
66.57058
66.744324
66.918068
67.09182
67.226952
67.420006
67.59375
67.786804
67.960548
68.1343
68.269432
68.346649
68.501099
68.616928
68.732758
68.829285
69.060944
69.157471
69.234695
69.350525
69.466354
69.504967
69.543579
69.620796
69.698013
69.775238
69.79454
69.871765
69.852455
69.79454
69.717323
69.562881
69.485657
69.38913
69.311913
69.253998
69.157471
69.099556
69.022339
68.925804
68.829285
68.790672
68.732758
68.694145
68.616928
68.578316
68.559013
68.520401
68.501099
68.481789
68.443176
68.404572
68.385262
68.327347
68.308044
68.308044
68.269432
68.25013
68.25013
68.23082
68.211517
68.172905
68.172905
68.172905
68.1343
68.11499
68.095688
68.076385
68.095688
68.037773
68.018471
67.979851
67.941246
67.921936
67.902634
67.883331
67.844719
67.864021
67.844719
67.825417
67.806107
67.786804
67.767502
67.767502
67.767502
67.748192
67.728889
67.748192
67.748192
67.748192
67.728889
67.709579
67.709579
67.670975
67.670975
67.670975
67.651665
67.651665
67.651665
67.670975
67.651665
67.670975
67.690277
67.670975
67.651665
67.61306
67.59375
67.574448
67.555145
67.535835
67.516533
67.535835
67.516533
67.535835
67.420006
67.439308
67.458618
67.477921
67.458618
67.477921
67.439308
67.458618
67.420006
67.400696
67.439308
67.420006
67.420006
67.420006
67.400696
67.400696
67.381393
67.362091
67.381393
67.362091
67.362091
67.342781
67.362091
67.323479
67.304176
67.246262
67.226952
67.226952
67.226952
67.246262
67.265564
67.246262
67.246262
67.265564
67.246262
67.246262
67.246262
67.226952
67.207649
67.207649
67.169037
67.188347
67.130432
67.111122
67.07251
67.033905
67.053207
67.07251
67.09182
67.07251
67.09182
67.07251
67.09182
67.07251
67.07251
67.09182
67.033905
67.053207
67.033905
67.053207
67.053207
67.07251
67.09182
67.07251
67.09182
67.053207
67.07251
67.053207
66.95668
66.995293
66.995293
66.95668
66.937378
66.937378
66.898766
66.918068
66.898766
66.879463
66.879463
66.898766
66.879463
66.879463
66.918068
66.860153
66.821548
66.782936
66.802238
66.821548
66.802238
66.821548
66.821548
66.879463
66.898766
66.898766
66.879463
66.918068
66.918068
66.937378
66.95668
66.937378
66.918068
66.898766
66.879463
66.840851
66.860153
66.860153
66.860153
66.860153
66.821548
66.821548
66.821548
66.840851
66.821548
66.782936
66.802238
66.821548
66.763626
66.782936
66.725021
66.686409
66.686409
66.667107
66.667107
66.628494
66.609192
66.609192
66.589882
66.57058
66.57058
66.551277
66.512657
66.512657
66.493355
66.474052
66.43544
66.416138
66.43544
66.416138
66.377525
66.358223
66.358223
66.358223
66.338913
66.300308
66.300308
66.300308
66.261696
66.261696
66.261696
66.223083
66.203781
66.203781
66.184479
66.165169
66.145866
66.165169
66.145866
66.126556
66.107254
66.087952
66.068642
66.087952
66.068642
66.049339
66.030029
66.010727
65.991425
66.010727
66.010727
65.991425
65.972115
65.952812
65.933502
65.952812
65.933502
65.9142
65.894897
65.894897
65.894897
65.856285
65.856285
65.856285
65.836983
65.79837
65.79837
65.79837
65.759758
65.740456
65.740456
65.740456
65.721153
65.701843
65.701843
65.663239
65.663239
65.643929
65.624626
65.624626
65.624626
65.624626
65.605324
65.566704
65.547401
65.508789
65.489487
65.547401
65.586014
65.721153
65.836983
65.933502
66.068642
66.145866
66.223083
66.358223
66.43544
66.531967
66.628494
66.725021
66.821548
66.898766
66.995293
67.130432
67.169037
67.246262
67.323479
67.381393
67.439308
67.555145
67.651665
67.709579
67.728889
67.806107
67.864021
67.921936
67.979851
68.037773
68.095688
68.172905
68.23082
68.288734
68.327347
68.385262
68.443176
68.481789
68.559013
68.616928
68.65554
68.713455
68.63623
68.539703
68.462486
68.385262
68.327347
68.23082
68.172905
68.11499
68.076385
67.999161
67.979851
67.902634
67.864021
67.806107
67.767502
67.709579
67.690277
67.651665
67.59375
67.574448
67.535835
67.516533
67.458618
67.420006
67.400696
67.362091
67.362091
67.342781
67.304176
67.284866
67.246262
67.226952
67.226952
67.188347
67.149734
67.169037
67.111122
67.09182
67.09182
67.033905
67.053207
67.033905
66.995293
66.975983
66.95668
66.95668
66.918068
66.879463
66.879463
66.860153
66.860153
66.840851
66.802238
66.782936
66.782936
66.744324
66.744324
66.705711
66.686409
66.667107
66.647797
66.667107
66.647797
66.609192
66.609192
66.57058
66.57058
66.57058
66.551277
66.531967
66.512657
66.493355
66.493355
66.454742
66.43544
66.416138
66.43544
66.43544
66.396828
66.338913
66.300308
66.300308
66.280998
66.242393
66.223083
66.242393
66.203781
66.184479
66.165169
66.165169
66.165169
66.203781
66.242393
66.223083
66.242393
66.242393
66.242393
66.223083
66.223083
66.203781
66.223083
66.223083
66.223083
66.184479
66.184479
66.184479
66.223083
66.242393
66.280998
66.319611
66.300308
66.300308
66.300308
66.319611
66.300308
66.338913
66.319611
66.261696
66.280998
66.261696
66.261696
66.261696
66.242393
66.261696
66.261696
66.261696
66.261696
66.261696
66.280998
66.300308
66.319611
66.261696
66.300308
66.280998
66.300308
66.300308
66.319611
66.338913
66.338913
66.358223
66.358223
66.338913
66.358223
66.377525
66.358223
66.338913
66.358223
66.338913
66.338913
66.358223
66.358223
66.319611
66.319611
66.319611
66.319611
66.319611
66.319611
66.280998
66.300308
66.300308
66.300308
66.319611
66.280998
66.280998
66.280998
66.261696
66.261696
66.280998
66.242393
66.261696
66.261696
66.261696
66.242393
66.242393
66.300308
66.280998
66.280998
66.280998
66.280998
66.300308
66.319611
66.319611
66.319611
66.338913
66.319611
66.358223
66.416138
66.396828
66.454742
66.454742
66.474052
66.512657
66.512657
66.531967
66.589882
66.628494
66.628494
66.647797
66.628494
66.57058
66.609192
66.609192
66.628494
66.609192
66.628494
66.589882
66.589882
66.628494
66.609192
66.647797
66.609192
66.628494
66.647797
66.628494
66.647797
66.628494
66.609192
66.609192
66.589882
66.551277
66.551277
66.57058
66.589882
66.551277
66.551277
66.531967
66.512657
66.512657
66.512657
66.493355
66.512657
66.57058
66.57058
66.589882
66.609192
66.609192
66.609192
66.628494
66.609192
66.628494
66.647797
66.609192
66.609192
66.609192
66.628494
66.628494
66.628494
66.609192
66.609192
66.609192
66.589882
66.589882
66.609192
66.628494
66.609192
66.609192
66.667107